0.01 
0.0001 
0.0142 
0.0860 
0.2310 
0.4428 
0.7110 
1.026 
1.382 
1.771 
2.189 
2.634 
3.100 
3.587 
4.092 
4.614 
5.150 
5.699 
6.261 
6.835 
7.419 
8.013 
8.616 
9.228 
9.848 
10.48 
11.11 
11.75 
12.40 
13.05 
13.71 
14.38 
15.05 
15.72 
16.40 
17.09 
17.78 
18.47 
19.17 
19.87 
20.58 
21.28 
22.00 
22.71 
23.43 
24.15 
24.88 
25.60 
26.34 
27.07 
27.80 
0.05
0.0005 
0.0319 
0.1490 
0.3533 
0.6289 
0.9616 
1.341 
1.758 
2.208 
2.685 
3.186 
3.708 
4.248 
4.805 
5.377 
5.962 
6.560 
7.169 
7.788 
8.417 
9.055 
9.702 
10.36 
11.02 
11.69 
12.36 
13.04 
13.73 
14.42 
15.12 
15.82 
16.53 
17.24 
17.95 
18.67 
19.39 
20.12 
20.85 
21.59 
22.33 
23.07 
23.81 
24.56 
25.31 
26.06 
26.82 
27.57 
28.33 
29.10 
29.86 
0.1
0.0010 
0.0452 
0.1894 
0.4257 
0.7342 
1.099 
1.510 
1.958 
2.436 
2.942 
3.470 
4.018 
4.584 
5.166 
5.762 
6.371 
6.991 
7.622 
8.263 
8.914 
9.572 
10.24 
10.91 
11.59 
12.28 
12.97 
13.67 
14.38 
15.09 
15.80 
16.52 
17.25 
17.97 
18.71 
19.44 
20.18 
20.92 
21.67 
22.42 
23.17 
23.93 
24.69 
25.45 
26.22 
26.98 
27.75 
28.52 
29.30 
30.08 
30.86 
0.5
0.0050 
0.1025 
0.3339 
0.6641 
1.065 
1.519 
2.014 
2.543 
3.100 
3.679 
4.279 
4.896 
5.529 
6.175 
6.833 
7.502 
8.182 
8.871 
9.568 
10.27 
10.99 
11.70 
12.43 
13.16 
13.90 
14.64 
15.38 
16.14 
16.89 
17.65 
18.42 
19.18 
19.95 
20.73 
21.51 
22.29 
23.07 
23.86 
24.65 
25.44 
26.23 
27.03 
27.83 
28.63 
29.44 
30.24 
31.05 
31.86 
32.68 
33.49 
1
0.0100 
0.1465 
0.4291 
0.8100 
1.259 
1.758 
2.297 
2.866 
3.460 
4.077 
4.712 
5.363 
6.028 
6.705 
7.394 
8.093 
8.801 
9.518 
10.24 
10.97 
11.71 
12.46 
13.21 
13.96 
14.72 
15.49 
16.26 
17.03 
17.81 
18.59 
19.37 
20.16 
20.95 
21.75 
22.55 
23.35 
24.15 
24.96 
25.77 
26.58 
27.39 
28.21 
29.02 
29.84 
30.67 
31.49 
32.32 
33.14 
33.97 
34.80 
2
0.0200 
0.2103 
0.5545 
0.9939 
1.497 
2.047 
2.633 
3.246 
3.883 
4.540 
5.213 
5.901 
6.602 
7.313 
8.035 
8.766 
9.505 
10.25 
11.01 
11.77 
12.53 
13.30 
14.08 
14.86 
15.65 
16.44 
17.23 
18.03 
18.83 
19.64 
20.45 
21.26 
22.07 
22.89 
23.71 
24.53 
25.36 
26.18 
27.01 
27.84 
28.68 
29.51 
30.35 
31.19 
32.03 
32.87 
33.72 
34.56 
35.41 
36.26 
5
0.0500 
0.3422 
0.7876 
1.319 
1.905 
2.532 
3.188 
3.869 
4.569 
5.285 
6.015 
6.758 
7.511 
8.273 
9.044 
9.822 
10.61 
11.40 
12.20 
13.00 
13.81 
14.62 
15.43 
16.25 
17.08 
17.91 
18.74 
19.57 
20.41 
21.25 
22.09 
22.93 
23.78 
24.63 
25.48 
26.34 
27.19 
28.05 
28.91 
29.77 
30.63 
31.50 
32.36 
33.23 
34.10 
34.97 
35.84 
36.72 
37.59 
38.47 
10
0.1000 
0.5000 
1.040 
1.653 
2.313 
3.007 
3.725 
4.463 
5.218 
5.986 
6.765 
7.554 
8.352 
9.158 
9.970 
10.79 
11.61 
12.44 
13.28 
14.12 
14.96 
15.81 
16.65 
17.51 
18.36 
19.22 
20.08 
20.95 
21.82 
22.68 
23.56 
24.43 
25.30 
26.18 
27.06 
27.94 
28.82 
29.71 
30.59 
31.48 
32.37 
33.26 
34.15 
35.04 
35.93 
36.83 
37.72 
38.62 
39.52 
40.42 
15
0.1500 
0.6278 
1.231 
1.899 
2.607 
3.344 
4.103 
4.878 
5.668 
6.469 
7.280 
8.099 
8.926 
9.760 
10.60 
11.44 
12.29 
13.15 
14.01 
14.87 
15.73 
16.60 
17.47 
18.35 
19.22 
20.10 
20.98 
21.87 
22.75 
23.64 
24.53 
25.42 
26.32 
27.21 
28.11 
29.00 
29.90 
30.80 
31.71 
32.61 
33.51 
34.42 
35.33 
36.23 
37.14 
38.05 
38.96 
39.87 
40.79 
41.70 
