0.01
0.0
0.14
0.087
0.235
0.452
0.728
1.054
1.422
1.825
2.260
2.722
3.207
3.713
4.238
4.781
5.339
5.911
6.496
7.092
7.700
8.318
8.946
9.582
10.227
10.880
11.540
12.206
12.880
13.560
14.245
14.936
15.532
16.335
17.041
17.752
18.46
19.187
19.911
20.638
21.370
22.105
22.844
23.587
24.332
25.079
25.831
26.586
27.343
28.103
28.866
29.631
30.398
0.1
0.001
0.046
0.194
0.439
0.762
1.146
1.579
2.051
2.557
3.092
3.651
4.231
4.830
5.446
6.077
6.721
7.378
8.046
8.724
9.411
10.108
10.812
11.524
12.243
12.969
13.701
14.438
15.182
15.930
16.684
17.442
18.205
18.972
19.743
20.517
21.296
22.078
22.863
23.652
24.444
25.259
26.037
26.837
27.641
28.446
29.255
30.066
30.879
31.694
32.512
33.331
34.153
0.25
0.003
0.073
0.270
0.571
0.950
1.390
1.878
2.404
2.961
3.546
4.153
4.781
5.426
6.086
6.761
7.447
8.146
8.854
9.572
10.299
11.034
11.776
12.525
13.281
14.042
14.809
15.582
16.360
17.142
17.929
18.720
19.515
20.315
21.117
21.924
22.733
23.546
24.362
25.181
26.003
26.827
27.554
28.483
29.315
30.150
30.986
31.825
32.666
33.508
34.353
35.200
36.049
0.5
0.005
0.105
0.349
0.701
1.132
1.622
2.157
2.730
3.333
3.961
4.610
5.279
5.964
6.663
7.376
8.099
8.834
9.578
10.331
11.092
11.860
12.635
13.416
14.204
14.997
15.795
16.598
17.406
18.218
19.034
19.854
20.678
21.505
22.336
23.169
24.006
24.846
25.669
26.534
27.382
28.232
29.085
29.940
30.797
31.656
32.517
33.381
34.246
35.113
35.982
36.852
37.724
1
0.001
0.153
0.455
0.869
1.361
1.909
2.501
3.128
3.783
4.461
5.100
5.876
6.607
7.352
8.108
8.875
9.652
10.437
11.230
12.033
12.838
13.651
14.470
15.295
16.125
16.959
17.797
18.640
19.487
20.337
21.191
22.048
22.909
23.772
24.638
25.507
26.378
27.252
28.129
29.007
29.888
30.771
31.656
32.543
33.432
34.322
35.215
36.109
37.004
37.901
38.800
39.700
2
5
10
20
30